 9.05567555e-002 -1.35421125e+000 -3.13040735e+000 -1.57034255e+000 6.46737749e-001 -1.43069820e-001 -3.49477086e-001 -8.27264626e-001 2.20896212e-001 -1.38964536e-001 -2.27707019e+000 8.84432712e-001 -2.54977632e+000 -9.25285205e-001 1.06702448e+000 -1.68588540e+000 2.89895055e+000 1.89992499e+000 -2.25290362e-001 2.69298946e+000 6.60355459e-001 5.36427976e-001 -4.53056403e-001 -5.18897386e-001 -1.35073009e+000 -1.07446021e-001
 -5.79522722e-001 -2.66653256e+000 7.81209797e-001 -7.82340090e-001 -6.36119352e-001 2.22918467e-001 -2.04913990e+000 2.84520486e-001 -7.14202036e-001 8.72985723e-001 -2.60781328e+000 -5.86081764e-001 1.48488269e+000 -2.04631427e+000 -1.52251268e+000 8.70200139e-001 1.45805726e+000 -2.82638322e+000 1.76084457e+000 -1.88729108e+000 -8.61936445e-001 -1.10512391e-001 -1.44240176e+000 -2.68600348e+000 2.47354036e+000 4.82394837e-001
 -1.39293584e+000 1.17960276e+000 -1.57537113e+000 -1.25020795e+000 8.76765275e-001 -1.99567461e+000 1.52057708e-001 -2.61669021e+000 -2.11495997e+000 2.70560557e+000 8.04829934e-001 -2.18189795e+000 6.41446898e-001 -1.60241339e+000 -1.14034716e+000 2.36204173e-001 -1.47577947e+000 -1.93644184e+000 -6.01213346e-001 7.34045936e-001 4.18912035e-002 7.96862320e-001 -3.01100052e-001 -1.06124936e+000 -2.84919138e+000 1.04688807e+000
 -1.18423370e+000 -2.30959552e+000 1.45583498e-001 1.24672281e+000 -1.95848079e-001 1.00337061e+000 -3.27564478e+000 -8.07922706e-001 7.24073415e-001 -1.07918825e+000 1.16779284e+000 -4.92026707e-001 5.10657356e-001 1.68270036e+000 6.72478205e-002 -2.31135347e+000 -3.90445771e-001 -1.98795218e+000 -2.74743271e+000 -5.27039176e-001 -1.16937464e+000 -2.78308720e+000 6.55860169e-001 1.53551658e+000 -1.55333735e+000 2.50435371e+000
 -8.85580148e-001 3.19136817e+000 6.53013274e-001 2.19586645e+000 -8.11353797e-002 -2.54959170e+000 -6.74772313e-001 1.66964858e+000 5.45363270e-001 -3.08108923e+000 -7.48272457e-001 2.54375964e+000 1.97414200e+000 -2.30426259e+000 -2.39000381e+000 -2.47367937e+000 -4.42499933e-001 1.93443397e+000 -1.43534249e+000 1.91948367e+000 -7.29506371e-001 -2.67734590e-001 -6.85677461e-001 -1.58967868e+000 -2.38952122e+000 2.02672901e-001
 -1.44022803e+000 1.52469891e+000 1.78844775e+000 -2.09917212e+000 -1.01685322e+000 -3.08362687e-001 -1.69294416e+000 -9.49326168e-001 -4.11018832e-001 -8.15562590e-001 -2.86557009e+000 -1.12985293e+000 -2.63092604e+000 1.51103318e+000 2.37924954e+000 5.33423590e-002 7.19395074e-001 2.84058578e+000 -1.02339189e+000 -2.10276362e+000 -1.49536079e+000 -1.51752844e+000 -9.24163514e-001 -1.50936438e-001 4.79056793e-001 7.42220186e-001
 -9.79621783e-001 -1.19720999e+000 -2.17795117e+000 1.50243910e+000 -4.41619091e-001 9.86711458e-001 7.76810520e-002 -2.66036144e+000 -2.09503789e+000 -2.20717474e+000 5.55512588e-001 2.45481041e+000 -4.05955001e-001 1.66482378e+000 -1.54938467e+000 -1.96682061e+000 -3.40103873e-001 -1.22959464e+000 1.43899878e+000 -7.49344127e-001 9.09579209e-001 7.20260399e-001 -1.82663002e+000 -2.00545402e-002 6.92708832e-001 -7.38627298e-001
 -2.07420109e+000 -2.54903213e+000 -1.56307887e+000 -1.87002068e+000 -2.58507195e+000 2.83243523e+000 2.64369528e-001 5.20850461e-001 8.57793661e-001 5.35665294e-001 1.28944049e+000 -1.84609427e+000 7.10802122e-001 -2.69916532e+000 -7.67684996e-003 -5.93508602e-001 -2.03152596e+000 1.68395588e+000 -2.43439246e+000 -5.56476150e-001 -2.83789847e+000 2.05484582e+000 9.29238198e-001 -2.05999793e+000 -9.62053073e-001 -2.45076488e+000
 -1.46056902e+000 -1.24521443e+000 -1.37022992e+000 1.37661420e+000 -1.27668309e+000 -8.71364763e-001 1.99169731e+000 7.73151590e-001 -2.35775093e+000 -1.12568311e-001 3.89792695e-001 -6.41236565e-001 -9.36229271e-001 2.22670806e-001 1.07495751e+000 1.87685832e+000 -1.12880109e+000 6.18400459e-001 -2.03834793e+000 -5.86682005e-002 1.93933799e+000 -4.39269105e+000 1.12954099e+000 -9.88835541e-001 -2.65741341e-001 -3.51428632e+000
 -1.64208687e+000 1.85363375e+000 1.58058102e+000 -1.69614545e+000 -1.12297739e+000 -1.52593738e+000 1.05333792e-001 6.86785726e-001 5.41442868e-001 -9.11451780e-001 1.27965651e+000 -3.53546560e-001 -1.69736152e+000 -9.11412309e-001 -1.14784932e+000 -7.93931212e-001 -1.50503061e+000 -2.80880119e+000 1.14232187e+000 -1.08263462e+000 -1.55655601e+000 -3.96125218e-001 -1.94446683e+000 1.84138765e+000 6.34504723e-001 -2.92659264e+000
